Camera calibrated 0.333248437043392       

Camera Matrix
 [[515.07066702   0.         314.60804902]
 [  0.         515.2201625  239.39774939] 
 [  0.           0.           1.        ]]

Distorsion Parameter:
 [[ 0.27745729 -0.87372546 -0.00785303  0.00316493  0.96174152]]

Rotation Vectors:
 (array([[-0.22790864],
       [ 0.01567907],
       [-0.0371216 ]]), array([[-0.58887326],
       [-0.01766901],
       [-0.26633375]]), array([[ 0.00339866],
       [-0.02448002],
       [-0.04665197]]), array([[ 0.00500197],
       [-0.02005821],
       [-0.0423109 ]]), array([[-0.07037961],
       [-0.30028836],
       [ 0.19349022]]), array([[ 0.39973223],
       [-0.52740178],
       [ 0.02199486]]), array([[ 0.38747677],
       [-0.51828084],
       [ 0.02326232]]), array([[-0.14397783],
       [-0.12870965],
       [-0.11579052]]), array([[-0.26423512],
       [-0.24056452],
       [-0.01959473]]), array([[-0.52637459],
       [ 0.04468081],
       [-0.04471824]]), array([[-0.06806237],
       [ 0.01292037],
       [-0.03420732]]), array([[ 0.37760236],
       [ 0.08521775],
       [-0.00123582]]), array([[-0.14231767],
       [ 0.40975126],
       [ 0.05552961]]), array([[-0.32280395],
       [ 0.33304307],
       [-0.0699603 ]]), array([[-0.29381452],
       [-0.31876838],
       [-0.21480068]]), array([[-0.20847062],
       [-0.43797496],
       [-0.11948881]]))

Translatiion Vectors:
 (array([[-76.48289418],
       [-52.32800328],
       [247.82784524]]), array([[-60.39449909],
       [-18.47514102],
       [278.35473108]]), array([[-78.38377527],
       [-59.55755867],
       [250.13968551]]), array([[-76.2601608 ],
       [-62.42231045],
       [248.38256539]]), array([[-81.62286032],
       [-66.04204248],
       [245.08463282]]), array([[-59.62719229],
       [-61.85464736],
       [218.21761741]]), array([[-58.31119592],
       [-64.67404083],
       [221.35083778]]), array([[-81.94199006],
       [-55.49234526],
       [246.7450957 ]]), array([[-92.84760124],
       [-50.95839664],
       [232.54294586]]), array([[-58.42664449],
       [-25.61070684],
       [273.2447092 ]]), array([[-71.108277  ],
       [-60.61721032],
       [264.87483165]]), array([[-79.51406054],
       [-32.54603839],
       [236.45988098]]), array([[-64.35287931],
       [-64.7073017 ],
       [276.79112105]]), array([[-52.6039894 ],
       [-34.34124475],
       [297.89818622]]), array([[-97.4445846 ],
       [-45.60310126],
       [246.11018572]]), array([[-68.11144191],
       [-55.8517506 ],
       [230.0800207 ]]))






------------------------------------------------------------------------------------------------------------------------------------------------
Camera calibrated 0.23586753839897953

Camera Matrix
 [[754.44365924   0.         624.89657487]
 [  0.         753.92956244 371.71309098]
 [  0.           0.           1.        ]]

Distorsion Parameter:
 [[ 0.2047615  -0.52777265 -0.00077147 -0.0012213   0.35767539]]

Rotation Vectors:
 (array([[ 0.02939718],
       [-0.06415043],
       [-0.00743146]]), array([[ 0.14815769],
       [ 0.13164211],
       [-0.09132894]]), array([[ 0.25646765],
       [-0.82529579],
       [ 0.10191504]]), array([[ 0.26320727],
       [-0.85914925],
       [ 0.1064888 ]]), array([[ 0.03848491],
       [-0.56742923],
       [ 0.45167845]]), array([[-0.32649056],
       [-0.38116051],
       [ 0.16736086]]), array([[-0.49638482],
       [-0.08562973],
       [ 0.68731009]]), array([[-0.63854571],
       [ 0.10328613],
       [ 0.68981701]]), array([[-0.0258559 ],
       [ 0.2250684 ],
       [ 0.11031443]]), array([[ 0.37426055],
       [ 0.15912706],
       [-0.29054359]]), array([[ 0.60631366],
       [-0.16493241],
       [ 0.46205945]]), array([[ 0.2282925 ],
       [ 0.11983248],
       [-0.29891249]]), array([[-0.51714317],
       [-0.11812029],
       [ 0.66768558]]), array([[-0.26002487],
       [-0.37720613],
       [ 1.28397005]]), array([[ 0.27619655],
       [ 0.01640225],
       [-0.47795201]]), array([[ 0.27376306],
       [ 0.21654565],
       [-0.96752913]]), array([[0.1222618 ],
       [0.10168095],
       [0.75781837]]), array([[0.67925009],
       [0.36108685],
       [0.10738104]]), array([[ 0.41472334],
       [-0.20962191],
       [-0.05685945]]), array([[-0.03788392],
       [ 0.07241775],
       [ 2.88589864]]), array([[0.27192904],
       [0.13650845],
       [2.55199593]]), array([[-0.30597664],
       [ 0.55099377],
       [ 1.44533519]]), array([[ 0.10727824],
       [ 0.13615945],
       [-0.39389757]]), array([[ 0.44521047],
       [-0.36527465],
       [ 1.4831737 ]]), array([[-0.62458065],
       [ 0.22306218],
       [ 0.09156572]]), array([[-0.66753841],
       [ 0.25234963],
       [ 0.67396319]]), array([[0.62018349],
       [1.09193582],
       [2.69806889]]), array([[ 0.50867806],
       [ 0.40688213],
       [-0.6044495 ]]), array([[ 0.42290302],
       [ 0.44528911],
       [-0.48485765]]), array([[ 0.23018454],
       [-0.71089544],
       [ 0.11991655]]), array([[-0.15036015],
       [-0.29781563],
       [ 0.84814194]]), array([[ 0.83549316],
       [-0.13927395],
       [ 0.13251289]]), array([[-0.12942811],
       [ 0.41111091],
       [ 0.1400782 ]]), array([[-0.12625721],
       [ 0.58745255],
       [ 0.33039913]]), array([[0.16291815],
       [0.45201243],
       [0.44195621]]), array([[0.12525603],
       [0.67559   ],
       [0.34433025]]), array([[-0.15711844],
       [ 0.44902455],
       [ 0.20007434]]), array([[0.08548487],
       [0.69404638],
       [0.15961093]]), array([[ 0.59572484],
       [ 0.27621121],
       [-0.00651882]]))

Translatiion Vectors:
 (array([[ -7.1344035 ],
       [ 24.32531007],
       [693.53359641]]), array([[-74.17353503],
       [-58.28873258],
       [476.87566875]]), array([[-188.33314086],
       [ -64.28052381],
       [ 421.36892411]]), array([[-197.06306356],
       [ -71.48529678],
       [ 402.56353015]]), array([[ -81.63441315],
       [-137.88130186],
       [ 444.71957817]]), array([[-132.36171444],
       [-120.20078433],
       [ 418.12558214]]), array([[ -18.43157581],
       [-180.43387099],
       [ 550.28016702]]), array([[  55.14894982],
       [-104.58272544],
       [ 572.26564897]]), array([[100.24124543],
       [  4.37365405],
       [665.78249592]]), array([[267.28598945],
       [  7.75019089],
       [785.95549698]]), array([[-180.84313968],
       [   5.06452146],
       [ 554.8959791 ]]), array([[-82.84783385],
       [-77.63096647],
       [476.55829083]]), array([[-27.83771857],
       [-63.73723945],
       [637.62174361]]), array([[ 133.67760274],
       [-138.81244736],
       [ 607.99513506]]), array([[-75.82545837],
       [-33.24309942],
       [652.53683493]]), array([[ 203.03435026],
       [-101.03271426],
       [ 875.57850152]]), array([[-219.23287152],
       [-161.50418849],
       [ 794.61802641]]), array([[ 137.48062774],
       [-162.22730432],
       [ 680.50679359]]), array([[-92.41900867],
       [-88.3695443 ],
       [681.62768676]]), array([[126.5861607 ],
       [ 48.66693294],
       [681.11001538]]), array([[2.92828363e+02],
       [1.11640675e-01],
       [6.35616409e+02]]), array([[ 22.72002276],
       [-97.4591624 ],
       [632.28371913]]), array([[-2.90302790e+01],
       [ 2.81316673e-01],
       [ 4.59792472e+02]]), array([[-33.73003016],
       [-51.96379888],
       [541.81911617]]), array([[ -8.54930894],
       [-80.61664622],
       [595.58424327]]), array([[  16.4342889 ],
       [-125.45821696],
       [ 581.89617512]]), array([[253.32551958],
       [ 72.23909798],
       [407.43825929]]), array([[-98.90845623],
       [-47.97617826],
       [459.05763612]]), array([[-68.9446727 ],
       [-29.25177036],
       [453.25103146]]), array([[-194.40811889],
       [ -47.47534822],
       [ 409.09279963]]), array([[-125.4043459 ],
       [-126.05324513],
       [ 523.51999328]]), array([[-162.28575118],
       [-105.99635487],
       [ 343.10374873]]), array([[ -17.54945164],
       [-103.89810158],
       [ 393.12192084]]), array([[ -97.72224325],
       [-132.42632384],
       [ 399.32975117]]), array([[102.63880175],
       [-99.83941824],
       [473.30306397]]), array([[  -0.81513868],
       [-119.49298878],
       [ 498.73103536]]), array([[-164.04815264],
       [ -66.73925273],
       [ 590.80994448]]), array([[-110.73051525],
       [ -84.14531532],
       [ 492.16489568]]), array([[-119.51927518],
       [ -49.93669254],
       [ 376.12607718]]))
total error: 0.030487880362887656